1614639651921594
1614632258589000
1614626805256212
1614563168595909
1614558121929747
1614553791930180
1614464228605803
1614410511944508
1614334051952154
1614262215292671
1614257475293145
1614256545293238
1614255471960012
1614253491960210
1614252415293651
1614249471960612
1614247181960841
1614246361960923
1614243188627907
1614242638627962
1613199768732249
1613130635405829
1612226198829606
1611369088915317
1611301695588723
1611069845611908
1611055012280058
1611050702280489
1611048402280719
1611044288947797
1611025892282970
1610955252290034
1610953288956897
1610939042291655
1610882182297341
1610878282297731
1610875828964643
1610873392298220
1610295615689331
1610136999038526
1610119079040318
1610117872373772
1610116692373890
1610115039040722
1610114405707452
1610110079041218
1610107962374763
1610105985708294
1610104105708482
1610064209045805
1610061505712742
1610060972379462
1610057319046494
1610051822380377
1609970299055196
1609403315778561
1609365022449057
1609232402462319
1609217902463769
1609216215797271
1609090055809887
1609088842476675
1609088045810088
1609086725810220
1609084385810454
1609083549143871
1609082082477351
1609081345810758
1608988265820066
1608962752489284
1608961395822753
1608960392489520
1608957619156464
1608956332489926
1608955289156697
1608954079156818
1608952345823658
1608948949157331
1608944719157754
1608943489157877
1608942629157963
1608941049158121
1608494212536138
1608294939222732
1608293849222841
1608291922556367
1608291492556410
1608284389223787
1608281462557413
1608225492563010
1608224872563072
1608223542563205
1608222719229954
1608216725897220
1608216209230605
1608213895897503
1608177499234476
1608121352573424
1608115322574027
1608106825908210
1608105509241675
1608104642575095
1608103582575201
1607549485963944
1607548615964031
1607509649301261
1607467632638796
1607434019308824
1607338629318363
1607331839319042
1607212832664276
1607176342667925
1607163802669179
1607161379336088
1607159706002922
1607132196005673
1607130626005830
1607129879339238
1604863669565859
1604797942905765
1604785642906995
1604594409592785
1604591372926422
1604576536261239
1604574116261481
1604535736265319
1604535056265387
1604534549598771
1604534219598804
1604533719598854
1604532142932345
1604530289599197
1604462712939288
1604460479606178
1604456816273211
1604455256273367
1604454126273480
1604450899607136
1604448772940682
1604445352941024
1604442066274686
1604432332942326
1604272599624966
1604271142958445
1604269032958656
1604267312958828
1604265996292293
1604264156292477
1603725683012991
1603709136347979
1603474386371454
1603460979706128
1603448466374046
1603446189707607
1603442173041342
1603438956374997
1603437126375180
1603207879731438
1603190633066496
1603187126400180
1603184453067114
1603176949734531
1603176029734623
1603175333068026
1603173819734844
1603172909734935
1603170933068466
1603170399735186
1603168573068702
1603167433068816
1603166696402223
1603166019735624
1603161943069365
1603160933069466
1603159776402915
1603158816403011
1603157833069776
1602657986453094
1602650523120507
1602646826454210
1602318369820389
1602317676487125
1602316886487204
1602315579820668
1602312979820928
1602288839823342
1602287089823517
1602186853166874
1602184673167092
1602183796500513
1602182849833941
1602180206500872
1602178719834354
1602132713172288
1601620079890218
1601192076599685
1601191596599733
1601190116599881
1601187696600123
1601185736600319
1601184499933776
1601183276600565
1601182196600673
1601018506617042
1601010699951156
1600991696619723
1600989893286570
1600984773287082
1600982289953997
1600979316620961
1600977826621110
1600972696621623
1600971956621697
1600342206684672
1600338410018385
1600336150018611
1600233976695495
1600190626699830
1600168420035384
1600164896702403
1600156136703279
1600152813370278
1600141600038066
1600134063372153
1600011396717753
1600009730051253
1600004683385091
1600001353385424
1599991716719721
1599989483386611
1599988036720089
1599985243387035
1599981666720726
1599926823392877
1599923780059848
1599922453393314
1599920106726882
1599918626727030
1597146993670860
1596957910356435
1596935873691972
1596935113692048
1596934630358763
1596934013692158
1596933333692226
1596933010358925
1596932553692304
1596932257025667
1596931103692449
1596930443692515
1596923303693229
1596908080361418
1596902473695312
1596882467030646
1596878440364382
1596769730375253
1596768687042024
1596763037042589
1596760943709465
1596759593709600
1596758117043081
1596757343709825
1596753970376829
1596750407043852
1596747670377459
1596647250387501
1596640467054846
1596637597055133
1596636550388571
1596634297055463
1596623057056587
1596083090443917
1596066160445610
1596033893782170
1595959123789647
1595851453800414
1595776513807908
1595740413811518
1595722860479940
1595679700484256
1595657730486453
1595524203833139
1595515883833971
1595514563834103
1595513253834234
1595512027167690
1595510747167818
1595509400501286
1595506160501610
1595503233835236
1595501777168715
1595497900502436
1595488527170040
1595479740504252
1595476210504605
1595473847171508
1595470450505181
1594911500561076
1594713430580883
1594692530582973
1594690993916460
1594689973916562
1594689063916653
1594627317256161
1594615530590673
1594613720590854
1594611830591043
1594607983924761
1594500633935496
1594468653938694
1594465877272305
1594464260605800
1594462490605977
1594454170606809
1594449653940594
1594446090607617
1594443677274525
1594438180608408
1594436260608600
1594395810612645
1594393153946244
1593928993992660
1593587844026775
1593582860693940
1593573320694894
1593522684033291
1593517337367159
1593491370703089
1593489684036591
1593488437370049
1593487124036847
1593484964037063
1593411984044361
1593358337383059
1593356560716570
1593353090716917
1593351880717038
1593350224050537
1593348750717351
1593347874050772
1593346554050904
1593344917384401
1593341564051403
1593333107385582
1593331544052405
1592858824099677
1592823914103168
1592742270777999
1592656604119899
1592326800819546
1592325970819629
1592324160819810
1592322167486676
1592320794153480
1592318434153716
1592316410820585
1592314740820752
1592313564154203
1589418267777066
1589294351122791
1589235544462005
1589234971128729
1589233777795515
1589232844462275
1589232444462315
1589231917795701
1589231494462410
1589230531129173
1589229907795902
1589229167795976
1589222744463285
1589220567796836
1589197831132443
1589189231133303
1589187577800135
1589185487800344
1589183191133907
1589182367800656
1589181391134087
1589010391151187
1589007187818174
1589005661151660
1588997894485770
1588994677819425
1588992017819691
1588990761153150
1588988767820016
1588985421153684
1588459431206283
1588441461208080
1588339714551588
1588154524570107
1588137271238499
1588133074572252
1588127687906124
1588073744578185
1588070467911846
1588056994579860
1588056127913280
1588053054580254
1588051677913725
1588050221247204
1588049284580631
1588046484580911
1588042334581326
1588021524583407
1588020011250225
1588018654583694
1588017421250484
1587885404597019
1587884187930474
1587881531264073
1587869397931953
1587865787932314
1587240577994835
1587025961349630
1587024644683095
1587023351349891
1587016264683933
1587009764684583
1587007371351489
1587005681351658
1587003241351902
1586819134703646
1586817071370519
1586815378037355
1586813371370889
1586812194704340
1586811024704457
1586810194704540
1586808974704662
1586805048038388
1586793054706254
1586785998040293
1586216314763928
1586041408114752
1586040401448186
1586038614781698
1586037221448504
1586033148115578
1586029851449241
1586028814782678
1586022278116665
1586017311450495
1586000774785482
1585877841464442
1585842468134646
1585836141468612
1585761218142771
1585753221476904
1585746821477544
1585744231477803
1585742271477999
1585739148144978
1585735188145374
1585733234812236
1585202891531937
1585137044871855
1584974168221476
1584952174890342
1584897994895760
1584892224896337
1584890971563129
1584888584896701
1584766201575606
1584764911575735
1584763188242574
1584725581579668
1584722548246638
1584717241580502
1584716658247227
1584715278247365
1584714318247461
1584709158247977
1584707498248143
1584703141581912
1584693848249508
1584691731583053
1584688971583329
1584682804917279
1584679644917595
1582917441760482
1582649255120634
1581926348526258
1581863241865902
1581722185213341
1581709078547985
1581706998548193
1581694365216123
1581693368549556
1581675865217973
1581674551884771
1581673401884886
1581670781885148
1581668485218711
1581667531885473
1581657641886462
1581655221886704
1581651995220360
1581642028554690
