1885869965067896
1885865498401676
1885863491735210
1885862578401968
1885861391735420
1879717902349769
1879716279016598
1879715222350037
1879709435683949
1879304049057821
1879303182391241
1879301919058034
1879300862391473
1878212292500330
1878211642500395
1878137122507847
1878136512507908
1878135409174685
1878134462508113
1877595702561989
1877595389228687
1877594449228781
1877235745931318
1877235162598043
1877234419264784
1877233839264842
1877233445931548
1876875335967359
1876873235967569
1876868479301378
1876864989301727
1876864399301786
1876862845968608
1876616232659936
1876615549326671
1876614415993451
1876613565993536
1876263179361908
1876261552695404
1876259649362261
1876258836029009
1876257052695854
1876256292695930
1876255129362713
1876254646029428
1876247309363495
1876058642715695
1876056479382578
1876055429382683
1876053522716207
1875923492729210
1875923092729250
1875922012729358
1875921729396053
1875550666099826
1875548952766664
1875546932766866
1875546122766947
1875545192767040
1875544429433783
1875543629433863
1875542912767268
1875478819440344
1875477989440427
1875477212773838
1875476032773956
1875475132774046
1875474466107446
1875342709453955
1875340916120801
1875340299454196
1875339692787590
1875338859454340
1875164192805140
1874881742833385
1874876466167246
1874876092833950
1874874149500811
1874873706167522
1874873462834213
1874872529500973
1874869442834615
1874795489508677
1874794352842124
1874793759508850
1874793359508890
1874792899508936
1874792529508973
1874792136175679
1874664606188432
1874663926188500
1874663572855202
1874663202855239
1874662999521926
1874333356221557
1874332279554998
1874331929555033
1874331069555119
1874330769555149
1874290259559200
1874289929559233
1874289142892645
1874288862892673
1874288592892700
1873791262942433
1873790522942507
1873789759609250
1873789392942620
1873788689609357
1873710009617225
1873689526285940
1873688736286019
1873684712953088
1873684142953145
1873545116300381
1873543872967172
1873542676300625
1873541509634075
1873146806340212
1873146189673607
1873144729673753
1873067286348164
1873060566348836
1873059029682323
1873056543015905
1873054416349451
1872839426370950
1872835353038024
1872834766371416
1872833346371558
1872806769707549
1872446393076920
1872445613076998
1872444509743775
1872443543077205
1872442886410604
1872441249744101
1872440426410850
1872323816422511
1872322656422627
1872321859756040
1872320709756155
1872319416422951
1872318333089726
1872317279756498
1872316283089931
1872314206423472
1871766146478278
1871764923145067
1871763286478564
1871761369812089
1871760196478873
1871757713145788
1871755683145991
1871754556479437
1871711256483767
1871708543150705
1871706723150887
1871705573151002
1871702839817942
1871701456484747
1871697733151786
1871456516509241
1871452156509677
1871446349843591
1871438483177711
1871103123211247
1871101493211410
1871097666545126
1871094269878799
1871078826547010
1871063039881922
1871053953216164
1871034529884773
1871033443218215
1871032586551634
1871031049885121
1871029879885238
1871027933218766
1871026949885531
1871026013218958
1870838256571067
1870828989905327
1870826133238946
1870823599905866
1870471709941055
1870471189941107
1870467539941472
1870466023274957
1870464329941793
1870463803275179
1870462859941940
1870372513284308
1870371606617732
1870370976617795
1870370419951184
1870366936618199
1870365259951700
1870218783299681
1870218116633081
1870217276633165
1869844566670436
1869843260003900
1869841976670695
1869841850004041
1869841720004054
1869836096671283
1869835750004651
1869835616671331
1869831630005063
1869831420005084
1869831266671766
1869737430014483
1869719916682901
1869713273350232
1869710213350538
1869706516684241
1869700590018167
1869684250019801
1869680546686838
1869391133382446
1869389300049296
1869388156716077
1869387123382847
1869384446716448
1869011480087078
1868984286756464
1868983303423229
1868982540089972
1868982120090014
1868980866756806
1868980483423511
1868973253424234
1868902980097928
1868896230098603
1868890350099191
1868888686766024
1868749663446593
1868747983446761
1868731826781710
1868726950115531
1868359623485597
1868358746819018
1868358436819049
1868347850153441
1868337953487764
1868332076821685
1868323340155892
1868320433489516
1868317766823116
1868309173490642
1868306556824237
1867973456857547
1867970540191172
1867967666858126
1867961096858783
1867693206885572
1867691783552381
1867685593553000
1867683716886521
1867681960220030
1867680646886828
1867676216887271
1867667643554795
1867553216899571
1867550536899839
1867547970233429
1867546490233577
1867544376900455
1867542366900656
1867429063578653
1867423943579165
1867414556913437
1867408936913999
1867406843580875
1867403250247901
1866865106968382
1866864320301794
1866863613635198
1866862593635300
1866802123641347
1866797186975174
1866793346975558
1866790733642486
1866789580309268
1866686410319585
1866682860319940
1866682050320021
1866681150320111
1866680960320130
1866300923691467
1866268503694709
1866266717028221
1866248450363381
1866248147030078
1866190887035804
1866190490369177
1866187933702766
1866187137036179
1866186933702866
1866184307036462
1866183693703190
1866183443703215
1866062573715302
1866039287050964
1866028427052050
1866026977052195
1866026767052216
1865678877087005
1865672437087649
1865671500421076
1865670083754551
1865668943754665
1865668323754727
1865619280426298
1865617123759847
1865615557093337
1865612410426985
1865609200427306
1865503197104573
1865498530438373
1865495153772044
1865490503772509
1865487790439447
1865181140470112
1865180250470201
1865179130470313
1865176047137288
1865174127137480
1865171537137739
1865169823804577
1865166737138219
1865111910477035
1865110770477149
1865108077144085
1865105897144303
1865105073811052
1864970690491157
1864969270491299
1864962040492022
1864960830492143
1864959760492250
1864641070524119
1864634630524763
1864634170524809
1864633847191508
1864633530524873
1864633257191567
1864623530525873
1864577717197121
1864573807197512
1864572437197649
1864570533864506
1864566610531565
1864450863876473
1864447633876796
1864437257211167
1864432373878322
1864431080545118
1864426080545618
1864087003912859
1864086590579567
1864086050579621
1864085933912966
1864042867250606
1864037780584448
1864035470584679
1864033860584840
1863861333935426
1863858600602366
1863858400602386
1863858083935751
1863857577269135
1863856780602548
1863406663980893
1863324037322489
1863322473989312
1863320253989534
1863267780661448
1863258680662358
1863257337329159
1863255390662687
1863248637330029
1863245850663641
1863245130663713
1863119334009626
1863116207343272
1863112360676990
1863111020677124
1863110007343892
1862698217385071
1862697277385165
1862696554051904
1862695577385335
1862694187385474
1862587877396105
1862587594062800
1862587270729499
1862587150729511
1862581640730062
1862581224063437
1862465154075044
1862462020742024
1862435057411387
1862434287411464
1862433740744852
1862432640744962
1862431880745038
1862024877452405
1862023297452563
1862021774119382
1862020044119555
1862018537453039
1862017524119807
1862014840786742
1862012220787004
1861960534125506
1861960320792194
1861937144127845
1861936427461250
1861935660794660
1861934290794797
1861933450794881
1861893117465581
1861857660802460
1861855297469363
1861849930803233
1861846897470203
1861843997470493
1861506660837560
1861499037504989
1861496084171951
1861494664172093
1861446207510272
1861440094177550
1861427064178853
1861420267512866
1861320547522838
1861319367522956
1861315984189961
1861314534190106
1860907814230778
1860906474230912
1860905597564333
1860904260897800
1860903680897858
1860899490898277
1860595000928726
1860592567595636
1860592104262349
1860589127595980
1860051847649708
1860051434316416
1860050800983146
1860050280983198
1859960584325501
1859959670992259
1859565261031700
1859564381031788
1859564134365146
1859563161031910
1859502817704611
1859501577704735
1859499914371568
1859499257704967
1859418167713076
1859416104379949
1859412367713656
1859408891047337
1858842771103949
1858842197770673
1858826261105600
1858775141110712
1858770307777862
1858768744444685
1858767151111511
1858765731111653
1858684321119794
1858684091119817
1858678071120419
1858671104454449
1858184174503142
1858183637836529
1858183151169911
1858180807836812
1858142641173962
1858142114507348
1858141457840747
1858127817842111
1858127507842142
1858030557851837
1858026097852283
1858025334519026
1857678817887011
1857676651220561
1857675037887389
1857674087887484
1857673807887512
1857616171226609
1857614724560087
1857613951226831
1857612684560291
1857612111227015
1857517761236450
1857515867903306
1857514111236815
1857511471237079
1857508711237355
1857090597945833
1857089367945956
1857084951279731
1857047961283430
1857047351283491
1857047124616847
1856931867961706
1856927247962168
1856924664629093
1856922181296008
1856515371336689
1856514598003433
1856513451336881
1856512574670302
1856511651337061
1856471611341065
1856469544674605
1856468704674689
1856467388008154
1856466484674911
1856360338018859
1856356888019204
1856347714686788
1855945441393682
1855944991393727
1855944694727090
1855944418060451
1855929551395271
1855905504731009
1855905161397710
1855904851397741
1855904751397751
1855794274742132
1855791761409050
1855785318076361
1855783428076550
1855401271448099
1855400684781491
1855400451448181
1855398044781755
1855342121454014
1855334521454774
1855239871464239
1855238408131052
1855237578131135
1854655594856000
1854644361523790
1854638414857718
1854631258191767
1854561908198702
1854561844865375
1854561324865427
1854561294865430
1854561264865433
1854461948208698
1854458148209078
1854458124875747
1854458021542424
1853952678259625
1853951991593027
1853951081593118
1853950821593144
1853916454929914
1853915111596715
1853914044930155
1853803811607845
1853792038275689
1853790134942546
1853382361649990
1853381954983364
1853381168316776
1853380594983500
1853373474984212
1853294878325405
1853293708325522
1853292828325610
1853291828325710
1853182618336631
1853182498336643
1853177705003789
1853168408338052
1853166241671602
1852743828380510
1852741631714063
1852740451714181
1852739281714298
1852737661714460
1852737058381187
1852708605050699
1852701545051405
1852697068385186
1852599745061585
1852594101728816
1852591578395735
1852115778443315
1852113961776830
1852112298443663
1852111955110364
1852108748444018
1852083218446571
1852073355114224
1852071561781070
1852070551781171
1851963651791861
1851960951792131
1851957905125769
1851951921793034
1851457571842469
1851457061842520
1851455941842632
1851454868509406
1851445158510377
1851435978511295
1851429778511915
1851406925180867
1851405378514355
1851336411854585
1851333191854907
1850879178566975
1850878418567051
1850877971900429
1850875155234044
1850813888573504
1850812908573602
1850812745240285
1850140058640887
1850139735307586
1850139695307590
1850084255313134
1850082658646627
1850079388646954
1850065485315011
1849417148713178
1849415982046628
1849410352047191
1849406592047567
1849405918714301
1849282602059966
1849279208726972
1849278252060401
1849275642060662
1848946662093560
1848945648760328
1848944485427111
1848877928767100
1848875352100691
1848874415434118
1848867942101432
1848764635445096
1848762338778659
1848760645445495
1848758802112346
1848757088779184
1848372852150941
1848370132151213
1848367238818169
1848365962151630
1848364688818424
1848311788823714
1848310778823815
1848310328823860
1848309945490565
1848196665501893
1848195385502021
1848194885502071
1848194678835425
1847755882212638
1847755445546015
1847755232212703
1847713822216844
1847710155550544
1847707495550810
1847704598884433
1847700458884847
1847649995556560
1847646138890279
1847212452266981
1847210435600516
1847203452267881
1847129848941908
1847128185608741
1847127675608792
1847127452275481
1847018602286366
1847018215619738
1847017615619798
1847016005619959
1846638518991041
1846636575657902
1846635572324669
1846632295658330
1846558802332346
1846558275665732
1846555378999355
1846467345674825
1846464069008486
1846460492342177
1846456925675867
1846451692343057
1846445179010375
1845951362393090
1845951262393100
1845951222393104
1845905825730977
1845903885731171
1845902142398012
1845901539064739
1845797535741806
1845792099075683
1845789399075953
1845461652442061
1845446745776885
1845421939112699
1845195685801991
1845151129139780
1845068079148085
1845047632483463
1844486512539575
1844484839206409
1844482959206597
1844480595873500
1844053412582885
1844052975916262
1844052649249628
1844052482582978
1843990232589203
1843989002589326
1843987899256103
1843985875922972
1843889019265991
1843839039270989
1843838512604375
1843837475937812
1843834605938099
1843832599271633
1843406422647584
1843403942647832
1843402882647938
1843399395981620
1843341315987428
1843341095987450
1843246039330289
1843245875996972
1843245745996985
1842801206041439
1842799639374929
1842797629375130
1842794689375424
1842784356043124
1842590366062523
1842580106063549
1842578786063681
1841804852807741
1841803069474586
1841793212808905
1841792219475671
1841789516142608
1841128722875354
1841128609542032
1841125022875724
1841124949542398
1841124892875737
1841071642881062
1841068949547998
1841065069548386
1841060466215513
1841054256216134
1840883402899886
1840881176233442
1840880229566870
1840424599612433
1840415119613381
1840407336280826
1840277089627184
1840276509627242
1840275959627297
1840273652960861
1840145129640380
1840144102973816
1840143486307211
1840143199640573
1840142786307281
1839601006361459
1839566579698235
1839496529705240
1839490866372473
1839488893039337
1839433733044853
1839347369720156
1839343516387208
1839343273053899
1839340283054198
1839337086387851
1839335489721344
1838768689778024
1838767849778108
1838762679778625
1838761656445394
1838648779790015
1838647339790159
1838646486456911
1838646073123619
1838637583124468
1838238986497661
1838238339831059
1838237813164445
1838237056497854
1838236556497904
1838189816502578
1838187199836173
1838186289836264
1838185556503004
1838185243169702
1838034849851408
1838034576518102
1838022073186019
1837665259888367
1837659893222237
1837645206557039
1837645043223722
1837525526569007
1837523959902497
1837518506569709
1837422093246017
1837420616579498
1837420253246201
1837038349951058
1837037646617795
1836914593296767
1836910333297193
1836856889969204
1836854346636125
1836853416636218
1836852739969619
1836851296636430
1836261986695361
1836261853362041
1836261763362050
1836261673362059
1836193736702186
1836193173368909
1836192076702352
1836190790035814
1836190516702508
1836090156712544
1836087616712798
1836085956712964
1835538856767674
1835538233434403
1835537880101105
1835537680101125
1835536253434601
1835470393441187
1835469336774626
1835311923457034
1835303110124582
1835301890124704
1834625510192342
1834624756859084
1834621923526034
1834620983526128
1834479150206978
1834471033541123
1834466420208251
1833985400256353
1833984810256412
1833921133596113
1833919656929594
1833918956929664
1833908486930711
1833698986951661
1833687696952790
1833685996952960
1833254603662766
1833253886996171
1833251933663033
1833188170336076
1833182920336601
1833181430336750
1833178030337090
1833039087017651
1833034023684824
1833030237018536
1833028590352034
1832610900393803
1832609830393910
1832606210394272
1832600350394858
1832463150408578
1832461893742037
1832461083742118
1832460290408864
1832459550408938
1832342083754018
1832278450427048
1832278393760387
1832278307093729
1832278260427067
1831649350489958
1831647323823494
1831646687156891
1831532567168303
1831532467168313
1831532270501666
1831532243835002
1831532200501673
1831392513848975
1831382590516634
1831382517183308
1831382473849979
1830811647240395
1830810353907191
1830741427247417
1830739820580911
1830738940580999
1830737717247788
1830736313914595
1830734647248095
1830578447263715
1830572743930952
1830566200598273
1830561477265412
1830076923980534
1830062617315298
1830061817315378
1829882523999974
1829881840666709
1829880427333517
1829713727350187
1829712327350327
1829710867350473
1829708837350676
1829002310754662
1829001090754784
1828999830754910
1828760910778802
1828759844112242
1828756197445940
1828753464112880
1828237674164459
1828235577498002
1828234977498062
1828233974164829
1828233297498230
1828232870831606
1828025234185703
1828016680853225
1828011534187073
1828003580854535
1828002514187975
1827566504231576
1827565867564973
1827565120898381
1827564327565127
1827463887575171
1827463400908553
1827448330910060
1827364577585102
1827362527585307
1827360590918834
1827357730919120
1826926070962286
1826925187629041
1826924704295756
1826924264295800
1826923814295845
1826846634303563
1826843237637236
1826837694304457
1826831197638440
1826744134313813
1826742994313927
1826730787648481
1826429251011968
1826334161021477
1826324081022485
1826319894356237
1826314211023472
1826243121030581
1826234121031481
1826227604365466
1826121877709372
1826121751042718
1826117837709776
1826117744376452
1825476271107266
1825473317774228
1825466781108215
1825355487786011
1825340871120806
1825339951120898
1825325311122362
1824836327837927
1824830711171822
1824829257838634
1824829064505320
1824685631186330
1824630844525142
1824611314527095
1824603651194528
1824597494528477
1824178051237088
1824176281237265
1824175424570684
1824174384570788
1824074347914125
1824063331248560
1824058824582344
1823395584648668
1823392194649007
1823374904650736
1823366261318267
1823240711330822
1823235941331299
1823230131331880
1823218914666335
1823215568000003
1822741291380764
1822739978047562
1822734758048084
1822723754715851
1822650114723215
1822624468059113
1822623861392507
1822620711392822
1822616504726576
1822246098096950
1822245501430343
1822245014763725
1822154304772796
1822152271439666
1822146498106910
1822141171440776
1822036341451259
1822032574784969
1822023251452568
1822007251454168
1821634551491438
1821633241491569
1821583838163176
1821578091497084
1821537084834518
1821534534834773
1821517308169829
1821512068170353
1821373371517556
1821372158184344
1821371124851114
1821370024851224
1821361801518713
1821327201522173
1820820964906130
1820820218239538
1820818628239697
1820816784906548
1820792211575672
1820781034910123
1820677544920472
1820663938255166
1820653678256192
1820059904982236
1820058858315674
1820057168315843
1820056221649271
1820038624984364
1819929668328593
1819927648328795
1819922058329354
1819907421664151
1819901528331407
1819335468388013
1819334745054752
1819334381721455
1819243415063885
1819225378399022
1819220191732874
1818822848439275
1818822111772682
1818821481772745
1818820455106181
1818819868439573
1818759115112315
1818755471779346
1818749281779965
1818736511781242
1818734038448156
1818730778448482
1818726578448902
1818571908464369
1818567961798097
1818565161798377
1818562415131985
1818557528465807
1818154785172748
1818152185173008
1818150701839823
1818147418506818
1818137471841146
1818012558520304
1818011948520365
1818004511854442
1818003568521203
1817665185221708
1817662291888664
1817656678555892
1817649808556579
1817646971890196
1817558275232399
1817556735232553
1817555085232718
1817553175232909
1817551361899757
1817424531912440
1817421958579364
1817415841913309
1817410505247176
1817395905248636
1816859118635648
1816858705302356
1816853061969587
1816844015303825
1816837311971162
1816811705307056
1816809611973932
1816754531979440
1816753441979549
1816752198646340
1816751098646450
1816748071980086
1816634231991470
1816629685325258
1816625968658963
1816619221992971
1816614388660121
1816071562047737
1816053375382889
1816040478717512
1816017168719843
1816014665386760
1815977845390442
1815977232057170
1815976642057229
1815972692057624
1815968328724727
1815844845403742
1815826892072204
1815826168738943
1815824425405784
1815423792112514
1815422785445948
1815420925446134
1815420075446219
1815309018790658
1815307952124098
1815307212124172
1815306315457595
1815305625457664
1815107638810796
1815091978812362
1815087455479481
1815073728814187
1815067318814828
1814683485519878
1814682745519952
1814682022186691
1814681302186763
1814680675520159
1814624988859061
1814623892192504
1814623542192539
1814607762194117
1814606025527624
1814604498861110
1814483518873208
1814482272206666
1814481588873401
1814481025540124
1814480705540156
1814476172207276
1814046202250273
1814045588917001
1814045095583717
1814044315583795
1814043905583836
1814043652250528
1813992575588969
1813990865589140
1813989762255917
1813987348922825
1813986228922937
1813985612256332
1813860015602225
1813852145603012
1813844842270409
1813841385604088
1813838588937701
1813496878971872
1813496132305280
1813495042305389
1813492892305604
1813491415639085
1813489748972585
1813349175653309
1813348172320076
1813347575653469
1813346532320240
1813346165653610
1813228495665377
1813225902332303
1813223632332530
1813222305665996
1812714649050095
1812713982383495
1812713262383567
1812712865716940
1812519275736299
1812518539069706
1812517892403104
1812516972403196
1812512922403601
1812353619086198
1812351349086425
1812349522419941
1812348012420092
1811918279129732
1811917115796515
1811916585796568
1811911009130459
1811910692463824
1811902139131346
1811896055798621
1811835932471300
1811834979138062
1811832419138318
1811831599138400
1811831032471790
1811570552497838
1811567969164763
1811564605831766
1811560892498804
1811553292499564
1811246582530235
1811244599197100
1811242402530653
1811236969197863
1811170995871127
1811159072538986
1811156969205863
1811153789206181
1811000102554883
1810979995890227
1810975559224004
1810967665891460
1810964029225157
1810587569262803
1810522639269296
1810520402602853
1810519699269590
1810518262603067
1810441545944072
1810439282610965
1810430325945194
1810427329278827
1810316172623276
1810308385957388
1809886995999527
1809886869332873
1809886762666217
1809874799334080
1809801186008108
1809798186008408
1809795722675321
1809791629342397
1809787502676143
1809624706025756
1809622412692652
1809619216026305
1809617256026501
1809614772693416
1809612996026927
1809176682737225
1809175986070628
1809175366070690
1809174676070759
1809174186070808
1809173699404190
1809109592743934
1809106852744208
1809106342744259
1809105629410997
1809100299411530
1809098756078351
1808954889426071
1808952496092977
1808950766093150
1808944349427125
1808936449427915
1808933976094829
1808624379459122
1808618676126359
1808615436126683
1808613242793569
1808533299468230
1808532479468312
1808531596135067
1808531089468451
1808530756135151
1808426872812206
1808426409478919
1808426122812281
1808421746146052
1808419582812935
1808416186146608
1808053399516220
1808050269516533
1808046652850228
1808040502850843
1808029212851972
1808027249518835
1807944632860430
1807944022860491
1807943376193889
1807941866194040
1807941042860789
1807940109527549
1807815402873353
1807815209540039
1807808476207379
1807802896207937
1807800576208169
1807420879579472
1807415416246685
1807414562913437
1807411432913750
1807279932926900
1807184379603122
1807179936270233
1807173656270861
1807169452937948
1807157096272517
1807133829608177
1806749126313314
1806748562980037
1806747472980146
1806744096313817
1806741482980745
1806665389655021
1806662162988677
1806661279655432
1806658829655677
1806658139655746
1806641676324059
1806557506332476
1806555949665965
1806540726334154
1806539979667562
1806538496334377
1806536986334528
1806535513001342
1806534863001407
1806172499704310
1806170953037798
1806165229705037
1806163109705249
1806129303041963
1806106583044235
1806102656377961
1806100979711462
1806096253045268
1806002286387998
1806001586388068
1805991716389055
1805990483055845
1805987903056103
1805696783085215
1805695233085370
1805692486418978
1805691886419038
1805689446419282
1805614063093487
1805607856427441
1805481016440125
1805468236441403
1805188713136022
1805186909802869
1805179173136976
1805177263137167
1805175623137331
1805098006478426
1805096156478611
1805095416478685
1804987036489523
1804985676489659
1804984946489732
1804984316489795
1804980519823508
1804972823157611
1804662159855344
1804602979861262
1804581819863378
1804578623197031
1804487706539456
1804479763206917
1804065819914978
1804065633248330
1804048393250054
1803944639927096
1803943356593891
1803942406593986
1803941373260756
1803924136595813
1803585023296391
1803515419970018
1803392956648931
1803131913341702
1803131583341735
1803130390008521
1803056223349271
1802947290026831
1802821400039420
1802771980044362
1802475413407352
1802389180082642
1802287123426181
1801973400124220
1801872873467606
1801766890144871
1801375216850705
1801327806855446
1800831570238403
1800809096907317
1800747796913447
1800628296925397
1800250956963131
1800184820303078
1800013546986872
1799513893703504
1799513590370201
1799511090370451
1799396673715226
1798969570424603
1798967933758100
1798959267092300
1798853340436226
1798849613769932
1798847843770109
1798845423770351
1798844597103767
1798837423771151
1798734873781406
1798732913781602
1798731870448373
1798730593781834
1798724293782464
1798723257115901
1798721847116042
1798313353823558
1798304420491118
1798301860491374
1798301150491445
1798160117172215
1798155387172688
1798152370506323
1798150807173146
1798148883840005
1798147950506765
1798145207173706
1798015347186692
1798015293853364
1798015107186716
1798000813854812
1798000747188152
1798000690521491
1797519787236248
1797514307236796
1797509363903957
1797508040570756
1797507400570820
1797465577241669
1797456530575907
1797455960575964
1797455463909347
1797454927242734
1797454460576114
1797439010577659
1797437477244479
1797404553914438
1797399167248310
1797361607252066
1796941547294072
1796939840627576
1796828683972025
1796828387305388
1796828203972073
1796828017305425
1796793237308903
1796792323975661
1796792167309010
1796791387309088
1796785733976320
1796781950643365
1796704373984456
1796702520651308
1796701120651448
1796700167318210
1796699307318296
1796325310689029
1796323337355893
1796322077356019
1796318607356366
1796205560701004
1796204880701072
1796204140701146
1796202504034643
1796202040701356
1796201417368085
1796120634042830
1796118734043020
1796117020709858
1796113130710247
1796107364044157
1796103040711256
1796095637378663
1795700607418166
1795700110751549
1795699447418282
1795698980751662
1795698584085035
1795698427418384
1795617774093116
1795617394093154
1795616984093195
1795616640759896
1795616344093259
1795616247426602
1795528007435426
1795525240769036
1795514854103408
1795508254104068
1795505160771044
1795070854147808
1795070630814497
1795068837481343
1795067397481487
1795066754148218
1795062554148638
1795055364149357
1795008670820693
1795008377487389
1795007824154111
1795007384154155
1795006357487591
1794961934158700
1794942900827270
1794930740828486
1794930120828548
1794929960828564
1794929804161913
1794923274162566
1794673147520912
1794512094203684
1794510860870474
1794507154204178
1794505784204315
1794502164204677
1794424650879095
1794423324212561
1794422577545969
1794421637546063
1794421470879413
1794421237546103
1794392947548932
1794392500882310
1794392420882318
1794353770886183
1794351460886414
1794351410886419
1794349550886605
1794349030886657
1794342454220648
1794338837554343
1794333334221560
1794008974253996
1794007910920769
1794007537587473
1794006604254233
1794005214254372
1793931897595037
1793931764261717
1793931724261721
1793929224261971
1793929067595320
1793929027595324
1793925230929037
1793918770929683
1793917714263122
1793917677596459
1793916554263238
1793915107596716
1793857077602519
1793852087603018
1793843214270572
1793836904271203
1793830727605154
1793829870938573
1793826887605538
1793825150939045
1793821440939416
1793816384273255
1793447337643493
1793446650976895
1793445687643658
1793438054311088
1793435870977973
1793370484317845
1793363710985189
1793359180985642
1793359120985648
1793359060985654
1793359004318993
1793272224327671
1793263084328585
1793259607662266
1793258047662422
1793255867662640
1793254164329477
1792931897695037
1792931221028438
1792929804361913
1792929224361971
1792928701028690
1792928097695417
1792850301036530
1792846684370225
1792846234370270
1792845201037040
1792844731037087
1792843877703839
1792771341044426
1792767654378128
1792765161045044
1792762107712016
1792758061045754
1792750347713192
1792290397759187
1792288924426001
1792288164426077
1792286191092941
1792166801104880
1792166521104908
1792165787771648
1792165194438374
1792164434438450
1792164094438484
1792054311116129
1792052341116326
1792051784449715
1792051201116440
1792050884449805
1792039017784325
1791663111155249
1791662767821950
1791662411155319
1791661811155379
1791567264498167
1791563381165222
1791559291165631
1791559254498968
1791559071165653
1791478711173689
1791474951174065
1791473651174195
1791473601174200
1791469297841297
1791468311174729
1791468281174732
1791460884508805
1791107384544155
1791106234544270
1791104994544394
1791104604544433
1791103001211260
1791022961219264
1791022414552652
1791014061220154
1791011997887027
1791008177887409
1791004541221106
1790999547888272
1790904421231118
1790901227898104
1790896774565216
1790892097899017
1790888914566002
1790557947932432
1790556797932547
1790556064599287
1790555377932689
1790555057932721
1790474981274062
1790474921274068
1790474834607410
1790473097940917
1790472601274300
1790472574607636
1790391697949057
1790391644615729
1790391527949074
1790390827949144
1790390784615815
1790390754615818
1790377491283811
1789964117991815
1789963021325258
1789962244658669
1789961214658772
1789960381325522
1789879554666938
1789876181333942
1789865554668338
1789865158001711
1789858711335689
1789776911343869
1789757664679127
1789754808012746
1789737154681178
1789736778014549
1789731664681727
1789383201383240
1789381698050057
1789379588050268
1789357071385853
1789354018052825
1789326348055592
1789319354722958
1789318731389687
1789317281389832
1789314414723452
1789287041392856
1789235831397977
1789234114731482
1789144058073821
1789142748073952
1789134928074734
1788659418122285
1788657204789173
1788654784789415
1788652524789641
1788650364789857
1788648054790088
1788591461462414
1788588404796053
1788575524797341
1788573901464170
1788552641466296
1788473478140879
1788469761474584
1788464704808423
1788462654808628
1788144831507077
1788144324840461
1788143824840511
1788143134840580
1788023584852535
1788018918186335
1788016704853223
1788013804853513
1787910774863816
1787904674864426
1787903668197860
1787896261531934
1787892584865635
1787442874910606
1787442268244000
1787441314910762
1787440651577495
1787440248244202
1787357341585826
1787355444919349
1787352748252952
1787350734919820
1787346258253601
1787024734952420
1786946591626901
1786945674960326
1786944918293735
1786944341627126
1786944084960485
1786916248296602
1786916061629954
1786905794964314
1786883211633239
1786882324966661
1786881471633413
1786880591633501
1786878824967011
1786878364967057
1786711721650388
1786708631650697
1786698454985048
1786696808318546
1786695061652054
1786497671671793
1786382088350018
1786343535020540
1786341975020696
1786341345020759
1786338218354405
1786258828362344
1786258781695682
1786258698362357
1786257138362513
1786257108362516
1786257081695852
1786164155038478
1786163611705199
1786163121705248
1786161281705432
1786159435038950
1786155785039315
1785798361741724
1785795488408678
1785792361742324
1785785091743051
1785783015076592
1785781658410061
1785722375082656
1785703435084550
1785693508418876
1785690795085814
1785688455086048
1785684121753148
1785552258433001
1785548791766681
1785545681766992
1785544628433764
1785538358434391
1785124061809154
1785122515142642
1785121335142760
1785120211809539
1785119828476244
1785016128486614
1785013305153563
1785011501820410
1785007481820812
1785004255154468
1784999368488290
1784858615169032
1784852161836344
1784848671836693
1784844571837103
1784408808547346
1784406618547565
1784403655214528
1784399238548303
1784394841882076
1784311068557120
1784309421890618
1784306355224258
1784305161891044
1784303948557832
1784301961891364
1784189648569262
1784182921903268
1784178718570355
1784174338570793
1784171561904404
1784168801904680
1783790128609214
1783787515276142
1783786325276261
1783785311943029
1783659248622302
1783658235289070
1783657061955854
1783655765289317
1783654891956071
1783654495289444
1783625898625637
1783554918632735
1783550475299846
1783547791966781
1783538961967664
1783534611968099
1783530901968470
1783029182018642
1783028032018757
1783026758685551
1783025742018986
1783024978685729
1782945862026974
1782938745361019
1782936728694554
1782936235361270
1782932778694949
1782820125372881
1782814085373485
1782809842040576
1782806345374259
1782801438708083
1782799168708310
1782511485403745
1782379608750266
1782378842083676
1782377825417111
1782377458750481
1782306522090908
1782305588757668
1782304922091068
1782304315424462
1782303735424520
1782296675425226
1782157285439165
1782157205439173
1782157158772511
1782157088772518
1782157038772523
1781772525477641
1781771782144382
1781770698811157
1781769942144566
1781769512144609
1781768282144732
1781736145481279
1781733745481519
1781733132148247
1781732205481673
1781731722148388
1781616898826537
1781615778826649
1781615578826669
1781610282160532
1781603982161162
1781599165494977
1781271905527703
1781271025527791
1781260355528858
1781257852195775
1781256948862532
1781256022195958
1781164038871823
1781158728872354
1781155938872633
1781154288872798
1781151155539778
1781098872211673
1781094735545420
1781050992216461
1781047995550094
1781046702216890
1781040378884189
1780674868920740
1780672622254298
1780664402255120
1780662232255337
1780660972255463
1780574312264129
1780571362264424
1780570625597831
1780553582266202
1780552855599608
1780552185599675
1780550528933174
1780521665602727
1780442265610667
1780438422277718
1780428732278687
1780426778945549
1780422555612638
1780031988985028
1780026442318916
1780025475652346
1780024578985769
1780024258985801
1779968815658012
1779963208991906
1779962522325308
1779956842325876
1779884688999758
1779820299006197
1779804022341158
1779789045675989
1779779972343563
1779428729045354
1779425505712343
1779414079046819
1779412162380344
1779411572380403
1779410149047212
1779350715719822
1779350485719845
1779347645720129
1779343699053857
1779340705720823
1779338365721057
1779300875724806
1779233489064878
1779221775732716
1779216642399896
1779215562400004
1779200472401513
1778821635772730
1778820555772838
1778818979106329
1778817575773136
1778817025773191
1778732595781634
1778732539114973
1778732505781643
1778732475781646
1778729039115323
1778727572448803
1778723222449238
1778722259116001
1778617315793162
1778617289126498
1778617252459835
1778595452462015
1778592062462354
1778588429129384
1778200825834811
1778200059168221
1778197452501815
1778196832501877
1778138872507673
1778137915841102
1778137589174468
1778137302507830
1778130565841837
1777589345895959
1777571175897776
1777569832564577
1777522849235942
1777521692569391
1777521169236110
1777452395909654
1777451349243092
1777449959243231
1777448562576704
1777446062576954
1777444985910395
1777323789255848
1777316242589936
1777313705923523
1777310545923839
1777308202590740
1777304625924431
1776918285963065
1776916432629917
1776915289296698
1776914892630071
1776910002630560
1776908899297337
1776908275964066
1776837399304487
1776837089304518
1776829302638630
1776822115972682
1776820805972813
1776813379306889
1776804705974423
1776800725974821
1776711325983761
1776648605990033
1776645389323688
1776640392657521
1776633759324851
1776630552658505
1776333142688246
1776332049355022
1776314516023442
1776304229357804
1776302826024611
1776299412691619
1776296182691942
1776198802701680
1776197589368468
1776196882701872
1776167429371484
1776165622704998
1776037116051182
1776037066051187
1776037022717858
1776036989384528
1776036936051200
1775694526085441
1775693522752208
1775693086085585
1775692172752343
1775691702752390
1775691499419077
1775624129425814
1775588522762708
1775579322763628
1775571706097723
1775566679431559
1775523066102587
1775463359441891
1775457422775818
1775453352776225
1775452072776353
1775437046111189
1775064279481799
1775062939481933
1775057462815814
1775056652815895
1775056272815933
1775056079482619
1774976036157290
1774975072824053
1774973319490895
1774972782824282
1774967016158192
1774957766159117
1774926052828955
1774862779501949
1774856736169220
1774849346169959
1774844229503804
1774838646171029
1774607749527452
1774602649527962
1774550122866548
1774549516199942
1774548922866668
1774548456200048
1774541672867393
1774540742867486
1774539702867590
1774538752867685
1774453496209544
1774438686211025
1774437642877796
1774436986211195
1774436556211238
1774436526211241
1774436469544580
1774344726220421
1774344416220452
1774344366220457
1774341516220742
1774341396220754
1774341349554092
1773980912923469
1773980262923534
1773978669590360
1773977669590460
1773977009590526
1773976759590551
1773916876263206
1773916319596595
1773915586263335
1773914986263395
1773914029596824
1773909986263895
1773784246276469
1773783709609856
1773782589609968
1773782082943352
1773782042943356
1773778019610425
1773777986277095
1773777939610433
1773777902943770
1773667842954776
1773667339621493
1773666736288220
1773666382954922
1773666186288275
1773444872977073
1773442099644017
1773441389644088
1773439806310913
1773429346311959
1773402072981353
1773349362986624
1773343226320571
1773342456320648
1773337116321182
1773333099654917
1773258119662415
1773173749670852
1773173683004192
1773111533010407
1773098526345041
1773096676345226
1773095973011963
1773093903012170
1773079246346969
1772988819689345
1772988276356066
1772986773022883
1772857876369106
1772857226369171
1772853996369494
1772851603036400
1772845213037039
1772844113037149
1772707699717457
1772706673050893
1772704309717796
1772700589718168
1772699466384947
1772696073051953
1772694486385445
1772693519718875
1772618903059670
1772618813059679
1772618756393018
1772618653059695
1772610703060490
1772610666393827
1772610636393830
1772610599727167
1772232109765016
1772231113098449
1772228713098689
1772227636432130
1772211263100434
1772132149775012
1772121409776086
1772120306442863
1772119533109607
1772113703110190
1771998503121710
1771998449788382
1771998373121723
1771998323121728
1771993666455527
1771993619788865
1771993566455537
1771993536455540
1771636226491271
1771634429824784
1771633509824876
1771624446492449
1771622846492609
1771549673166593
1771548753166685
1771545659833661
1771544969833730
1771543896500504
1771537423167818
1771466933174867
1771434616511432
1771433826511511
1771427753178785
1771418609846366
1771417473179813
1771415066513387
1771413209846906
1771410169847210
1771408289847398
1771407363180824
1771036983217862
1771031486551745
1771030306551863
1771029769885250
1771026609885566
1771013129886914
1770960453225515
1770958986558995
1770950176559876
1770947556560138
1770944106560483
1770940249894202
1770849073236653
1770847699903457
1770846666570227
1770845553237005
1770843236570570
1770553183266242
1770551759933051
1770549316599962
1770548316600062
1770535439934683
1770473056607588
1770471726607721
1770470649941162
1770469186607975
1770287039959523
1770283229959904
1770282716626622
1770281913293369
1770281369960090
1770281286626765
1770281253293435
1769863386668555
1769848883336672
1769842586670635
1769839110004316
1769839050004322
1769838973337663
1769836393337921
1769772330010994
1769771940011033
1769769896677904
1769768246678069
1769768216678072
1769768173344743
1769585500029677
1769584830029744
1769583150029912
1769576193363941
1769575866697307
1769573516697542
1769573143364246
1769572763364284
1769273246727569
1769273196727574
1769273050060922
1769269670061260
1769269616727932
1769269546727939
1769222420065985
1769222336732660
1769222296732664
1769216713399889
1769216673399893
1769216626733231
1769038043417756
1769031770085050
1769025610085666
1769022806752613
1769018793419681
1769016746753219
1769011030087124
1768936886761205
1768934090094818
1768932966761597
1768930096761884
1768927346762159
1768731800115047
1768731490115078
1768731426781751
1768687453452815
1768687416786152
1768687376786156
1768609526793941
1768609406793953
1768604640127763
1768604490127778
1768604426794451
1768484733473087
1768483296806564
1768482426806651
1768481383473422
1768480510140176
1768479813473579
1768478156807078
1768474380140789
1768341663487394
1768340406820853
1768338706821023
1768336953487865
1768329946821899
1768130936841800
1768128000175427
1768126453508915
1768116276843266
1768108733510687
1768067770181450
1767848053536755
1767846873536873
1767844796870414
1767843466870547
1767842116870682
1767841500204077
1767646446890249
1767630783558482
1767628036892090
1767625986892295
1767612853560275
1767611236893770
1767596393561921
1767571343564426
1767558706899023
1767552926899601
1767551903566370
1767551230233104
1767550296899864
1767447743576786
1767408433580717
1767407563580804
1767406693580891
1767405320247695
1767404073581153
1767402930247934
1767402423581318
1767401870248040
1767401393581421
1767396180248609
1767280173593543
1767279360260291
1767276910260536
1767273126927581
1767272140261013
1767270676927826
1767078433613717
1767077186947175
1767076473613913
1767073936947500
1767072376947656
1767067056948188
1767033976951496
1767033473618213
1767031340285093
1767027516952142
1767026973618863
1767018956952998
1766895853631975
1766895803631980
1766895760298651
1766893146965579
1766893100298917
1766893073632253
1766893030298924
1766614066993487
1766611726993721
1766611003660460
1766609806993913
1766607440327483
1766447783676782
1766447753676785
1766447703676790
1766447670343460
1766442643677296
1766334023688158
1766332097021684
1766331707021723
1766331640355063
1766330563688504
1766330540355173
1766330327021861
1765952107059683
1765952000393027
1765950667059827
1765950637059830
1765886933732867
1765886910399536
1765886623732898
1765886577066236
1765885627066331
1765794963742064
1765793193742241
1765735637081330
1765735300414697
1765727067082187
1765726777082216
1765726310415596
1765725797082314
1765700303751530
1765698837085010
1765697807085113
1765697007085193
1765696513751909
1765692080419019
1765455330442694
1765454703776090
1765454027109491
1765453533776207
1765450060443221
1765385023783058
1765383473783213
1765380293783531
1765379423783618
1765376290450598
1765225317132362
1765225273799033
1765187653802795
1765186237136270
1765185400469687
1765184830469744
1765184173803143
1765184017136492
1765160587138835
1765159120472315
1765153633806197
1765144453807115
1765143060473921
1764886563832904
1764886530499574
1764886430499584
1764881867166707
1764881840500043
1764881807166713
1764807877174106
1764807800507447
1764807720507455
1764805253841035
1764805217174372
1764805143841046
1764685293853031
1764684317186462
1764683430519884
1764682430519984
1764681640520063
1764680393853521
1764355487219345
1764352787219615
1764351047219789
1764350413886519
1764349650553262
1764341940554033
1764337967221097
1764336857221208
1764288083892752
1764285290559698
1764189673902593
1764189040569323
1764188497236044
1764187990569428
1764187230569504
1764186743902886
1764181143903446
1764180040570223
1764089420579285
1764088547246039
1764086950579532
1764085523913008
1764076550580572
1764075960580631
1763905940597633
1763905040597723
1763862110602016
1763857337269160
1763853540602873
1763812800606947
1763809693940591
1763807397274154
1763805623940998
1763798610608366
1763794747275419
1763791430609084
1763666427288251
1763652757289618
1763652397289654
1763651793956381
1763650303956530
1763649827289911
1763649260623301
1763647010623526
1763646700623557
1763645857290308
1763518057303088
1763516783969882
1763515377303356
1763514097303484
1763512777303616
1763511153970445
1763289773992583
1763288843992676
1763287977326096
1763287007326193
1763284603993100
1763278987326995
1763249550663272
1763248723996688
1763243870663840
1763240070664220
1763238660664361
1763106190677608
1763106137344280
1763105920677635
1763100030678224
1763099990678228
1763099954011565
1763099890678238
1762738754047685
1762729030715324
1762726370715590
1762724910715736
1762722877382606
1762721020716125
1762716920716535
1762624684059092
1762623914059169
1762623497392544
1762623374059223
1762621227392771
1762621187392775
1762620930726134
1762518630736364
1762518507403043
1762518400736387
1762515107403383
1762514970736730
1762514920736735
1762074610780766
1762074390780788
1762072464114314
1762072410780986
1762072317447662
1762026470785580
1762026074118953
1762020597452834
1762020570786170
1762020527452841
1761825020805725
1761822340805993
1761821970806030
1761821327472761
1761818267473067
1761815114140049
1761814907473403
1761791250809102
1761790557475838
1761784860809741
1761784354143125
1761781260810101
1761504064171154
1761503894171171
1761503834171177
1761500907504803
1761500867504807
1761500804171480
1761423104179250
1761423057512588
1761423020845925
1761420347512859
1761420317512862
1761420280846199
1761235670864660
1761231324198428
1761227734198787
1761226670865560
1761215804199980
1761212877533606
1761210870867140
1761210534200507
1761203057534588
1761156434205917
1761155897539304
1761147137540180
1761146400873587
1761145417540352
1761141687540725
1760853527569541
1760853227569571
1760853037569590
1760849774236583
1760849744236586
1760849717569922
1760793234242237
1760793134242247
1760793104242250
1760789464242614
1760789430909284
1760789397575954
1760789357575958
1760666944254866
1760666104254950
1760665020921725
1760664020921825
1760661224255438
1760659840922243
1760657714255789
1760653027589591
1760468187608075
1760467027608191
1760466294274931
1760465227608371
1760464747608419
1760262647628629
1760247390963488
1760246190963608
1760225184299042
1760218887633005
1760213630966864
1760122534309307
1760122100976017
1760119557642938
1760112770976950
1760107780977449
1760107250977502
1760000100988217
1759999277654966
1759998487655045
1759996997655194
1759996184321942
1759995454322015
1759993537655540
1759992707655623
1759844714337089
1759843557670538
1759842931003934
1759842291003998
1759841801004047
1759840481004179
1759839814337579
1759630201025207
1759629207691973
1759626921025535
1759625791025648
1759624027692491
1759619874359573
1759587074362853
1759585971029630
1759582611029966
1759581187696775
1759580587696835
1759578611030366
1759554921032735
1759420127712881
1759396221048605
1759395347715359
1759395091048718
1759394774382083
1759393401048887
1759393064382254
1759392454382315
1759390527715841
1759389654382595
1759387617716132
1759273654394195
1759271401061087
1759263154395245
1759258224395738
1759249871063240
1759246944396866
1759244687730425
1759241777730716
1759063501081877
1759061824415378
1759060504415510
1759058977748996
1759058521082375
1759047444416816
1759045204417040
1759042511083976
1758977057757188
1758976667757227
1758975931090634
1758974264424134
1758970867757807
1758963371091890
1758961854425375
1758883304433230
1758883274433233
1758802117774682
1758801351108092
1758800877774806
1758800777774816
1758800691108158
1758795301108697
1758795251108702
1758795184442042
1758795137775380
1758261527828741
1758261467828747
1758261371162090
1758261327828761
1758261274495433
1758081521180075
1758081481180079
1758081451180082
1758081404513420
1758079984513562
1758079864513574
1758079814513579
1758079747846919
1757623321225895
1757617247893169
1757617111226516
1757612717893622
1757612677893626
1757612627893631
1757612591226968
1757486221239605
1757486191239608
1757486161239611
1757486121239615
1757486074572953
1757484104573150
1757262311261996
1757259361262291
1757252351262992
1757239814597579
1757229557931938
1757228541265373
1757227354598825
1757182151270012
1757180157936878
1757179647936929
1757179527936941
1757173474604213
1757173421270885
1757173364604224
1757161947938699
1757159827938911
1757050937949800
1756872687967625
1756860971302130
1756856031302624
1756855641302663
1756853704636190
1756853644636196
1756853591302868
1756801541308073
1756801501308077
1756799914641569
1756794534642107
1756794437975450
1756794404642120
1756633101324917
1756632667991627
1756632327991661
1756631777991716
1756631514658409
1756631357991758
1756179478036946
1756179301370297
1756179264703634
1756179208036973
1756177234703837
1756177164703844
1756177111370516
1756177081370519
1756063718048522
1756062898048604
1756062238048670
1756061864715374
1756058591382368
1756055468049347
1755952271393000
1755951484726412
1755951064726454
1755950094726551
1755948544726706
1755914258063468
1755913024730258
1755912131397014
1755911051397122
1755910434730517
1755904504731110
1755902184731342
1755455644775996
1755452481442979
1755452084776352
1755450271443200
1755449164776644
1755447764776784
1755405798114314
1755347424786818
1755346431453584
1755342291453998
1755341818120712
1755338778121016
1755317774789783
1755313998123494
1755308691457358
1755302324791328
1755245131463714
1755200144801546
1755199541468273
1755198858135008
1755198004801760
1755196961468531
1755196018135292
1755195598135334
1755191928135701
1755190358135858
1755189338135960
1755188141469413
1755187261469501
1754843554837205
1754842741503953
1754842011504026
1754813498173544
1754812328173661
1754811154840445
1754806958174198
1754800064841554
1754792974842263
1754683654853195
1754681114853449
1754656961522531
1754411598213734
1754410581547169
1754410014880559
1754408734880687
1754405948214299
1754404721547755
1754400678214826
1754399294881631
1754310001557227
1754307154890845
1754304508224443
1754301698224724
1753978181590409
1753975034924057
1753972648257629
1753970734924487
1753957891592438
1753956181592609
1753925234929037
1753923184929242
1753921644929396
1753920658262828
1753916844929876
1753914821596745
1753800578274836
1753800548274839
1753800518274842
1753747994946761
1753747508280143
1753739834947577
1753739798280914
1753347578320136
1753343678320526
1753342934987267
1753336341654593
1753333301654897
1753330154988545
1753278558327038
1753276921660535
1753274434994117
1753269481661279
1753263364995224
1753262624995298
1753261334995427
1753259051662322
1753248101663417
1753218008333093
1753184955003065
1753182481669979
1753178748337019
1753175191670708
1753164948338399
1753156081672619
1752759888378905
1752758088379085
1752756458379248
1752748425046718
1752690238385870
1752689828385911
1752689361719291
1752682831719944
1752493175072243
1752491408405753
1752490351739192
1752490165072544
1752488755072685
1752488328406061
1752487365072824
1752458238409070
1752089535112607
1752085638446330
1752077658447128
1752076305113930
1752075011780726
1752058205115740
1752003525121208
1752002395121321
1752001395121421
1752000248454869
1751994791788748
1751985491789678
1751943838460510
1751854711802756
1751853175136243
1751845745136986
1751844591803768
1751839645137596
1751835665137994
1751822121806015
1751812011807026
1751809768473917
1751779395143621
1751777518477142
1751771928477701
1751769841811243
1751761908478703
1751740081814219
1751292221859005
1751291385192422
1751290445192516
1751289685192592
1751287098526184
1751286278526266
1751282571859970
1751276698527224
1751265938528300
1751200421868185
1751199028534991
1751198171868410
1751196031868624
1751192588535635
1751190815202479
1751190545202506
1751172941870933
1751100215211539
1751087205212840
1751078748547019
1751051681883059
1751000135221547
1750974265224134
1750962601891967
1750542331933994
1750541905267370
1750539531934274
1750538581934369
1750537488601145
1750531335268427
1750522165269344
1750452198609674
1750451268609767
1750449648609929
1750447808610113
1750442401943987
1750367168618177
1750344065287154
1750327871955440
1750316038623290
1750296255291935
1749940671994160
1749935045328056
1749933245328236
1749859702002257
1749834708671423
1749831415338419
1749828588672035
1749817688673125
1749755032012724
1749753118679582
1749749068679987
1749748095346751
1749747348680159
1749746712013556
1749728158682078
1749679265353634
1749675198687374
1749647202023507
1749625802025647
1749600165361544
1749210518733842
1749199405401620
1749196812068546
1749193608735533
1749190738735820
1749188645402696
1749187805402780
1749187272069500
1749176972070530
1749104055411155
1749093675412193
1749087795412781
1749080688746825
1749076538747240
1749074032080824
1749071752081052
1749002445421316
1748990202089207
1748984842089743
1748978218757072
1748957785425782
1748646525456908
1748610272127200
1748607118794182
1748606302127597
1748605398794354
1748602605461300
1748595658795328
1748554438799450
1748553005466260
1748551955466365
1748548698800024
1748545718800322
1748518262136401
1748511302137097
1748406138814280
1748406042147623
1748349718819922
1748335235488037
1747883482199879
1747879935533567
1747873708867523
1747865122201715
1747851785536382
1747841362204091
1747746448880249
1747745902213637
1747745192213708
1747744868880407
1747743188880575
1747699942218233
1747555272232700
1747551322233095
1747549885566572
1747543548900539
1747540085567552
1747187462269481
1747185225603038
1747179968936897
1747177872270440
1747170805604480
1747167872271440
1747122855609275
1747122018942692
1747121688942725
1747121362276091
1747117595609801
1746982952289932
1746979632290264
1746977242290503
1746974838957410
1746972612290966
1746970038957890
1746557672332460
1746556962332531
1746553185666242
1746542032334024
1746535609001333
1746459345675626
1746458662342361
1746458212342406
1746457702342457
1746457032342524
1746414639013430
1746376152350612
1746345099020384
1746242625697298
1745868865734674
1745867039068190
1745866212401606
1745864185735142
1745857319069162
1745837959071098
1745770602411167
1745768739078020
1745767989078095
1745767729078121
1745767159078178
1745766872411540
1745702942417933
1745683899086504
1745676525753908
1745674662420761
1745292039125690
1745290185792542
1745289145792646
1745288299126064
1745284272459800
1745280299126864
1745276959127198
1745215562466671
1745214189133475
1745213639133530
1745212242467003
1745211772467050
1745210912467136
1745151552473072
1745147529140141
1745120119142882
1745105305811030
1744735542514673
1744733619181532
1744731779181716
1744725159182378
1744712809183613
1744711435850417
1744672802520947
1744664435855117
1744663635855197
1744662759188618
1744661935855367
1744656042522623
1744545862533641
1744544562533771
1744543009200593
1744541685867392
1744234059231488
1744232805898280
1744232179231676
1744227005898860
1744219162566311
1744215945899966
1744210799233814
1744166842571543
1744159122572315
1744152399239654
1744140762574151
1744130752575152
1744119605909600
1744062545915306
1744039422584285
1744023822585845
1743993962588831
1743633182624909
1743632169291677
1743624459292448
1743609239293970
1743605389294355
1743603032627924
1743512359303658
1743511852637042
1743511269303767
1743508189304075
1743507675970793
1743416492646578
1743416109313283
1743415682646659
1743415415980019
1743413269313567
1742984506023110
1742977946023766
1742975566024004
1742945702693657
1742938556027705
1742928029362091
1742918512696376
1742826379372256
1742822589372635
1742815029373391
1742812426040318
1742810716040489
1742805306041030
1742660919388802
1742660166055544
1742657396055821
1742650849389809
1742647432723484
1742635762724651
1742220942766133
1742220336099527
1742219766099584
1742218369433057
1742175256104035
1742134392774788
1742132736108287
1742130746108486
1742125856108975
1742124936109067
1742120916109469
1742059636115597
1742030992785128
1742012126120348
1741596252828602
1741595472828680
1741594636162097
1741593849495509
1741593042828923
1741592639495630
1741520326169528
1741519502836277
1741519229502971
1741515342836693
1741514529503441
1741487636172797
1741480089506885
1741463372841890
1741450926176468
1741447759510118
1741416706179890
1741403039514590
1741048709550023
1741045426217018
1741035116218049
1740995739555320
1740989446222616
1740980366223524
1740937949561099
1740936319561262
1740935679561326
1740934786228082
1740933532894874
1740919582896269
1740859179568976
1740849459569948
1740842242904003
1740838156237745
1740820502906177
1740813459573548
1740797669575127
1740401612948066
1740400876281473
1740394889615405
1740392556282305
1740386509616243
1740331906288370
1740327896288771
1740325376289023
1740322852955942
1740320672956160
1740316552956572
1740315489623345
1740310929623801
1740224679632426
1740211406300420
1740205919634302
1740199329634961
1740156702972557
1739852516336309
1739832496338311
1739823136339247
1739815349673359
1739814299673464
1739802926341268
1739801299674764
1739747979680096
1739747296346831
1739747099680184
1739745606347000
1739745319680362
1739731226348438
1739705633017664
1739690563019171
1739662043022023
1739646506356910
1739623796359181
1739237553064472
1739236806397880
1739235313064696
1739233793064848
1739228043065423
1739226643065563
1739152849739609
1739151969739697
1739151306406430
1739150563073171
1739149599739934
1739146703073557
1739035563084671
1739035503084677
1739035446418016
1739035396418021
1739035363084691
1739035333084694
1738622866459274
1738622449792649
1738621859792708
1738621329792761
1738611439793750
1738605413127686
1738509609803933
1738509563137271
1738509526470608
1738509456470615
1738509416470619
1738508979803996
1738396836481877
1738389349815959
1738389299815964
1738389263149301
1738376706483890
1738376669817227
1738376626483898
1737890656532495
1737889913199236
1737888986532662
1737887869866107
1737882943199933
1737873946534166
1737808606540700
1737806709874223
1737804383207789
1737802043208023
1737801179874776
1737799356541625
1737780293210198
1737697756551785
1737115406610020
1737114626610098
1737114029943491
1737113363276891
1737113063276921
1737056436615917
1737054849949409
1737054293282798
1737053876616173
1737050919949802
1736938266627734
1736935193294708
1736928273295400
1736445020010392
1736442306677330
1736441566677404
1736426683345559
1736424580012436
1736422743345953
1736387613349466
1736382633349964
1736376096683951
1736372406684320
1736370126684548
1736290090025885
1736274226694138
1736265340028360
1736255466696014
1736246113363616
1735883283399899
1735873150067579
1735849026736658
1735844403403787
1735843760070518
1735843040070590
1735796993408528
1735795266742034
1735790673409160
1735783840076510
1735776660077228
1735770330077861
1735686613419566
1735686163419611
1735682603419967
1735678310087063
1735670606754500
1735666006754960
1735647746756786
1735236550131239
1735235836797977
1735235380131356
1735234960131398
1735234513464776
1735234413464786
1735229646798596
1735229580131936
1735167333471494
1735165053471722
1735161403472087
1735160143472213
1735159846805576
1735159116805649
1735078996813661
1735066643481563
1735060443482183
1735059673482260
1734653266856234
1734652273523000
1734641973524030
1734630826858478
1734625853525642
1734570216864539
1734565523531675
1734565420198352
1734565356865025
1734565256865035
1734565216865039
1734481510206743
1734481346873426
1734481310206763
1734481253540102
1734481196873441
1734086686912892
1734067723581455
1734009283587299
1734007053587522
1734004500254444
1733992986922262
1733984430256451
1733929906928570
1733918313596396
1733914156930145
1733909923597235
1733850173603210
1733843053603922
1733841016937459
1733837793604448
1733836680271226
1733835676937993
1733793163608911
1733785613609666
1733783403609887
1733744750280419
1733744620280432
1733744440280450
1733724460282448
1733722426949318
1733240070330887
1733227223665505
1733224293665798
1733221603666067
1733162753671952
1733162690338625
1733162587005302
1733162487005312
1733159157005645
1733132443674983
1733001207021440
1732990263689201
1732987457022815
1732983463689881
1732980267023534
1732954313692796
1732597903728437
1732596373728590
1732595657061995
1732578877063673
1732569327064628
1732462260408668
1732462200408674
1732462163742011
1732462103742017
1732461833742044
1732461777075383
1732377200417174
1732377117083849
1732377063750521
1732377007083860
1732376980417196
1731885060466388
1731882400466654
1731881660466728
1731878277133733
1731877083800519
1731869800467914
1731829137138647
1731826893805538
1731825823805645
1731824667139094
1731822133806014
1731684897153071
1731683010486593
1731682303819997
1731681173820110
1731679507153610
1731672247154336
1731234667198094
1731233600531534
1731232453864982
1731231957198365
1731231203865107
1731230533865174
1731123210542573
1731121933876034
1731120420542852
1731119360542958
1731113510543543
1731007627220798
1731006817220879
1731006097220951
1731005593887668
1731004180554476
1730985317223029
1730576583930569
1730576543930573
1730576470597247
1730576427263918
1730531527268408
1730459940608900
1730458847275676
1730457790609115
1730456197275941
1730446940610200
1730373500617544
1730372740617620
1730371877284373
1730370510617843
1730354627286098
1730353947286166
1730348667286694
1730347963953431
1730343993953828
1730335777287983
1729847150670179
1729841404004087
1729840947337466
1729823804005847
1729823457339215
1729816834006544
1729732827348278
1729711064017121
1729701067351454
1729701004018127
1729700950684799
1729500810704813
1729500750704819
1729500697371491
1729499440704950
1729499407371620
1729047330750161
1729035444084683
1729032927418268
1729031334085094
1729020620752832
1729018867419674
1728949367426624
1728949037426657
1728947477426813
1728940790760815
1728778970776997
1728778410777053
1728775104110717
1728774384110789
1728772594110968
1728769780777916
1728379537483607
1728375514150676
1728373697484191
1728352234153004
1728331374155090
1728157594172468
1728154347506126
1728150057506555
1728149444173283
1728145900840304
1728063080848586
1728062964181931
1728062664181961
1728062207515340
1728062007515360
1728061747515386
1727611344227093
1727577917563769
1727561897565371
1727560944232133
1727555937565967
1727376370917257
1727375894250638
1727375690917325
1727375564250671
1727375480917346
1727255514262676
1727253960929498
1727253780929516
1727253654262862
1727253487596212
1727253354262892
1726762577645303
1726761324312095
1726760877645473
1726760357645525
1726675537654007
1726674230987471
1726637010991193
1726633224324905
1726616147659946
1726539351000959
1726492404338987
1726473101007584
1726470897674471
1726446584343569
1726093697712191
1726060994382128
1726001351054759
1725980527723508
1725977797723781
1725975997723961
1725915021063392
1725904721064422
1725892521065642
1725888411066053
1725885027733058
1725861144402113
1725807677740793
1725802231074671
1725767324411495
1725757661079128
1725307467790814
1725307431124151
1725307344457493
1725307291124165
1725192117802349
1725191057802455
1725189557802605
1725188821136012
1725188454469382
1725182301136664
1725076694480558
1725075504480677
1725064537815107
1725063011148593
1725037167817844
1724554731199421
1724529034535324
1724521141202780
1724519754536252
1724468111208083
1724465101208384
1724464984541729
1724294767892084
1724294731225421
1724294657892095
1724294587892102
1723730264615201
1723729214615306
1723726771282217
1723725254615702
1723601507961410
1723590501295844
1723502464637981
1723485941306300
1723485871306307
1723485711306323
1723485571306337
1722976938023867
1722967011358193
1722963794691848
1722961554692072
1722897491365145
1722818314706396
1722811138040447
1722793448042216
1722771081377786
1722770731377821
1722770261377868
1722627678058793
1722626831392211
1722626274725600
1722612481393646
1722150681439826
1722105178111043
1722101311444763
1722086414779586
1722081178113443
1721974578124103
1721943661460528
1721943518127209
1721943368127224
1721795598142001
1721795281475366
1721794758142085
1721791164809111
1721274198194141
1721253991529495
1721251204863107
1721248791530015
1721206728200888
1721196051535289
1721191838202377
1721182428203318
1721174861537408
1721076101547284
1721073201547574
1721053591549535
1721023398219221
1720539704934257
1720537214934506
1720533184934909
1720521231602771
1720439908277570
1720438588277702
1720435801611314
1720434628278098
1720428084945419
1720269714961256
1720269008294660
1720268631628031
1720265724961655
1719815341673360
1719811305007097
1719809015007326
1719807748340786
1719757095012518
1719742691680625
1719736331681261
1719727715015456
1719724615015766
1719637548357806
1719635635024664
1719606975027530
1719597338361827
1719106671744227
1719090871745807
1719088918412669
1719086565079571
1719022411752653
1719022245086003
1719022191752675
1719022141752680
1719020931752801
1718793168442244
1718793121775582
1718282571826637
1718271895161038
1718264588495102
1718262101828684
1718189325169295
1718189255169302
1718186615169566
1718026421852252
1718025918518969
1718025318519029
1718021891852705
1717655791889315
1717596698561891
1717594651895429
1717592091895685
1717590751895819
1717463995241828
1717461815242046
1717458871909007
1717249995263228
1717249308596630
1717245921930302
1717236391931255
1716917511963143
1716911758630385
1716903901964504
1716899938631567
1716897311965163
1716805061974388
1716804985307729
1716804925307735
1716684611986433
1716684558653105
1716684475319780
1716657818655779
1716262398695321
1716259355362292
1716246805363547
1716242925363935
1716107648710796
1716107058710855
1716101492044745
1715938372061057
1715938192061075
1715938068727754
1715921185396109
1715532365434991
1715526092102285
1715525028769058
1715521478769413
1715412118780349
1715400018781559
1715394172115477
1715244712130423
1715243945463833
1715242682130626
1715227128798848
1714853305502897
1714850665503161
1714831325505095
1714827872172107
1714740605514167
1714739292180965
1714736058847955
1714734825514745
1714684742186420
1714629938858567
1714628255525402
1714602965527931
1714593872195507
1714176862237208
1714146108906950
1714142735573954
1714126782242216
1714020855586142
1714019465586281
1714019322252962
1713890968932464
1713884765599751
1713884735599754
1713884692266425
1713460892308805
1713458385642389
1713445565643671
1713440635644164
1713378748983686
1713378715650356
1713378325650395
1713263545661873
1713263385661889
1713263302328564
1713263262328568
1712848079036753
1712845439037017
1712839539037607
1712837799037781
1712747609046800
1712747569046804
1712739105714317
1712635702391324
1712635552391339
1712635479058013
1712635415724686
1712160125772215
1712159815772246
1712155085772719
1712086569112904
1712086539112907
1712086499112911
1711968769124684
1711968692458025
1711968599124701
1711968529124708
1711604089161152
1711600725828155
1711595595828668
1711592822495612
1711589255829302
1711532295834998
1711527639168797
1711520165836211
1711519125836315
1711462829175278
1711462795841948
1711462732508621
1711358695852358
1711358652519029
1711358602519034
1711358522519042
1710823439239217
1710819625906265
1710815929239968
1710810722573822
1710741952580699
1710740115914216
1710739722580922
1710738702581024
1710639912590903
1710632792591615
1710631939258367
1710606765927551
1710162182638676
1710161202638774
1710160692638825
1710157952639099
1710051422649752
1710051312649763
1710048452650049
1709902625997965
1709900359331525
1709891119332449
1709890259332535
1709887552666139
1709559696032258
1709499939371567
1709492789372282
1709438246044403
1709426579378903
1709424286045799
1709387392716155
1709387319382829
1709387272716167
1709301746058053
1709228669398694
1709228582732036
1709228509398710
1709228452732049
1708843179437243
1708843136103914
1708843092770585
1708703882784506
1708700592784835
1708696946118533
1708603546127873
1708602306127997
1708600476128180
1708253779496183
1708235569498004
1708229879498573
1708223539499207
1708113809510180
1708113462843548
1708113229510238
1708011502853744
1708011452853749
1708011379520423
1707662602888634
1707656502889244
1707646626223565
1707548346233393
1707548319566729
1707548242900070
1707483189573242
1707483136239914
1707483092906585
1707108256277402
1707102229611338
1707097956278432
1706976286290599
1706976172957277
1706976102957284
1706892236299004
1706892202965674
1706892132965681
1706495566338671
1706489089672652
1706482643006630
1706478716340356
1706396983015196
1706396946348533
1706396906348537
1706291266359101
1706291196359108
1706291059692455
1705856249735936
1705855409736020
1705853889736172
1705853133069581
1705756743079220
1705755303079364
1705752673079627
1705747723080122
1705745629746998
1705660509755510
1705627723092122
1705624709759090
1705331679788393
1705218479799713
1705197869801774
1705177949803766
1705084956479732
1705079939813567
1705079883146906
1705062676481960
1705037449817816
1705013066486921
1705003276487900
1705003236487904
1704589709862590
1704589599862601
1704589529862608
1704510013203893
1704508563204038
1704505926537635
1704418093213085
1704416939879867
1704410923213802
1704014319920129
1704013926586835
1704004689921092
1703923373262557
1703916199929941
1703913813263513
1703820909939470
1703818973272997
1703791453275749
1703789639942597
1703400193314875
1703398459981715
1703397829981778
1703396533315241
1703346723320222
1703342783320616
1703306756657552
1703218533333041
1703183700003191
1703148106673417
1702678563387038
1702678516720376
1702678450053716
1702618896726338
1702607856727442
1702605050061056
1702515363403358
1702475456740682
1702474256740802
1702464890075072
1702462456741982
1702069886781239
1702069846781243
1702069733447921
1701974856790742
1701971836791044
1701966993458195
1701964243458470
1701876930133868
1701863230135238
1701856733469221
1701398990181662
1701395523515342
1701376850183876
1701360366852191
1701302296857998
1701299896858238
1701296256858602
1701292376858990
1701197393535155
1701174556870772
1701167630204798
1701146203540274
1700784283576466
1700765426911685
1700550703599824
1700550626933165
1700550240266537
1700469033607991
1700468933608001
1700468810274680
1700065553648339
1700065163648378
1700061240315437
1699958276992400
1699956666992561
1699954746992753
1699951540326407
1699883436999884
1699850983669796
1699837643671130
1699477747040453
1699470193707875
1699453547042873
1699395603715334
1699375693717325
1699363733718521
1699353647052863
1699348130386748
1699235473731347
1699230073731887
1699225950398966
1699214180400143
1698851853769709
1698761307112097
1698697137118514
1698695253785369
1698691410452420
1698625763792318
1698600393794855
1698573050464256
1698564680465093
1698224893832405
1698202177168010
1698195880501973
1698104387177789
1698101967178031
1698100183844876
1698092947178933
1698000117188216
1697985837189644
1697984460523115
1697971370524424
1697576100563951
1697569873897907
1697568837231344
1697563420565219
1697483943906500
1697465327241695
1697454630576098
1697448763910018
1697385963916298
1697385440583017
1696853033969591
1696852833969611
1696852650636296
1696780140643547
1696771217311106
1696764143978480
1696760050645556
1696685393986355
1696648497323378
1696633497324878
1696260594028835
1696209197367308
1696201694034725
1696093367378891
1696093307378897
1696093254045569
1696014217386806
1695971277391100
1695971190724442
1695971150724446
1695547827433445
1695541760767385
1695529884101906
1695491807439047
1695485840772977
1695484904106404
1695471954107699
1695399070781654
1695376360783925
1695339714120923
1695331844121710
1694962527491975
1694962464158648
1694962404158654
1694866047501623
1694853487502879
1694842500837311
1694753050846256
1694751764179718
1694724264182468
1694716444183250
1694357037552524
1694356884219206
1694356830885878
1694229280898633
1694226270898934
1694223597565868
1694103014244593
1694102130911348
1694100744244820
1693723207615907
1693720614282833
1693718077616420
1693633690958192
1693627120958849
1693621814292713
1693540317634196
1693512984303596
1693506270970934
1693131651008396
1693130157675212
1693128761008685
1693125974342297
1693033251018236
1693033207684907
1692941601027401
1692941507694077
1692936527694575
1692449827743245
1692407911080770
1692374164417478
1692370937751134
1692276964427198
1692230967765131
1692220614432833
1691820427806185
1691818034473091
1691793437808884
1691748047813423
1691738094481085
1691618791159682
1691614687826759
1691587924496102
1691191977869030
1691165711204990
1691152131206348
1691074571214104
1691066947881533
1691066441214917
1691065094548385
1691000671221494
1690978287890399
1690972421224319
1690570131264548
1690570054597889
1690570004597894
1690470144607880
1690453651276196
1690440887944139
1690415287946699
1690375121284049
1689859221335639
1689858534669041
1689849548003273
1689781961343365
1689781851343376
1689781694676725
1689683498019878
1689682874686607
1689682804686614
1689252168063011
1689250698063158
1689242511397310
1689162568071971
1689162054738689
1689161958072032
1689033874751507
1689033618084866
1689033454751549
1688581291463432
1688580518130176
1688536921467869
1688533154801579
1688450698143158
1688397788148449
1688378981483663
1687993118188916
1687987991522762
1687882728199955
1687880888200139
1687785511543010
1687777841543777
1687321204922774
1687320441589517
1687242188264009
1687134921608069
1687090628279165
1686584254996469
1686583468329881
1686582934996601
1686542355000659
1686427271678834
1686404385014456
1685998708388357
1685983865056508
1685810348407193
1685797785075116
1685787718409456
1685712381750323
1685681991753362
1685654791756082
1685292235125671
1685292165125678
1685292101792351
1685221328466095
1685218555133039
1685206141800947
1685059545148940
1685029158485312
1685015738486654
1684642358523992
1684639965190898
1684540258534202
1684535378534690
1684520838536144
1684424001879161
1684404991881062
1684369835217911
1683955795259315
1683951915259703
1683950525259842
1683881501933411
1683880785266816
1683879878600240
1683776568610571
1683766325278262
1683283871993174
1683282508659977
1683264768661751
1683207798667448
1683196648668563
1683040012017560
1683038792017682
1683036532017908
1682604912061070
1682594555395439
1682580802063481
1682494952072066
1682472455407649
1682345132087048
1682344128753815
1682336162087945
1681997845455110
1681888888799339
1681882732133288
1681877772133784
1681804568807771
1681803385474556
1681797718808456
1681684868819741
1681681978820030
1681680035486891
1681225128865715
1681222372199324
1681201422201419
1681101318878096
1681091978879030
1681083762213185
1680988052222756
1680961398892088
1680956885559206
1680608345594060
1680541588934069
1680532188935009
1680532108935017
1680532032268358
1680438688944359
1680426378945590
1680425612279000
1680346805620214
1680318275623067
1680271208961107
1680270312294530
1679884988999729
1679878562333705
1679875822333979
1679761512345410
1679750085679886
1679736502347911
1679612299026998
1679606749027553
1679597595695135
1679274572394104
1679256282395933
1679252249063003
1679250225729872
1679223922399169
1679039979084230
1679035935751301
1679029152418646
1678922952429266
1678882112433350
1678863265768568
1678514599136768
1678512465803648
1678344452487116
1678342045820690
1678330219155206
1678298735825021
1678235409164687
1678202749167953
1677713792550182
1677713289216899
1677712829216945
1677651219223106
1677640869224141
1677627159225512
1677622389225989
1677478845907010
1677469379241290
1677465889241639
1677038969284331
1677036812617880
1677035802617981
1676921029296125
1676905529297675
1676901685964726
1676753379312890
1676751819313046
1676747035980191
1676333062688255
1676332229355005
1676330476021847
1676248356030059
1676248272696734
1676248209363407
1676206689367559
1676165052705056
1676158109372417
1676154106039484
1675677822753779
1675674562754105
1675673056087589
1675609252760636
1675591902762371
1675588756096019
1675464906108404
1675462269442001
1675461702775391
1675080296146865
1675078396147055
1675076056147289
1674986712822890
1674982306156664
1674980699490158
1674972326157662
1674903579497870
1674886379499590
1674883032833258
1674866042834957
1674758666179028
1674701112851450
1674443179543910
1674428526212042
1674419059546322
1674345489553679
1674342912887270
1674342842887277
1674217212899840
1674203959567832
1674196746235220
1674193789568849
1674171716237723
1673891569599071
1673817949606433
1673792502942311
1673622682959293
1673589686295926
1673554346299460
1673553619632866
1673552499632978
1673348349653393
1673169349671293
1673133226341572
1673132066341688
1673127586342136
1673052583016303
1673047109683517
1673046893016872
1673037119684516
1673025626352332
1673019836352911
1672518566403038
1672517313069830
1672513643070197
1672455486409346
1672449626409932
1672444526410442
1672336439754584
1672316369756591
1672286879759540
1672276516427243
1671926723128889
1671926603128901
1671901099798118
1671814569806771
1671813933140168
1671813373140224
1671730019815226
1671727006482194
1671719313149630
1671369443184617
1671313236523571
1671305136524381
1671246416530253
1671245663196995
1671237633197798
1671105519877676
1671103866544508
1671102979877930
1670795729908655
1670792066575688
1670788803242681
1670613153260246
1670609713260590
1670609156593979
1670488186606076
1670488119939416
1670488029939425
1670080436646851
1670071153314446
1670070006647894
1669946016660293
1669917739996454
1669896563331905
1669499853371576
1669460750042153
1669460050042223
1669397246715170
1669396836715211
1669391910049037
1669285570059671
1669284496726445
1669272856727609
1668958893425672
1668897910098437
1668887210099507
1668723046782590
1668720350116193
1668717120116516
1668525770135651
1668523496802545
1668520766802818
1668239363497625
1668215806833314
1668212773500284
1668057946849100
1668057936849101
1668057926849102
1667888346866060
1667888280199400
1667888243532737
1667581293563432
1667521843569377
1667521676902727
1667422513579310
1667422483579313
1667422446912650
1667257156929179
1667257123595849
1667257083595853
1666938880294340
1666938833627678
1666938796961015
1666828546972040
1666821486972746
1666818160306412
1666792590308969
1666666823654879
1666665503655011
1666661316988763
1666277270360501
1666276550360573
1666272867027608
1666215403700021
1666215297033365
1666215243700037
1666101987044696
1666101947044700
1666092780378950
1665662383755323
1665661777088717
1665660853755476
1665574867097408
1665566037098291
1665564130431815
1665430603778501
1665418010446427
1665415217113373
1665102770477951
1665056370482591
1665046843816877
1664929023828659
1664928973828664
1664928927162002
1664771773844384
1664771717177723
1664771687177726
1664392543882307
1664381110550117
1664374227217472
1664290837225811
1664290693892492
1664285627226332
1664141250574103
1664133540574874
1664128500575378
1663723927282502
1663722610615967
1663643770623851
1663643113957250
1663642260624002
1663549110633317
1663548357300059
1663547460633482
1663115777343317
1663111397343755
1663109800677248
1663011194020442
1663006060687622
1662999410688287
1662959947358900
1662892230699005
1662886770699551
1662551460733082
1662536577401237
1662515124070049
1662440524077509
1662438414077720
1662436727411222
1662331417421753
1662330420755186
1662328977421997
1661931444128417
1661931287461766
1661907340797494
1661815167473378
1661812704140291
1661808480807380
1661745307480364
1661743794147182
1661405844180977
1661272784194283
1661216480866580
1661160324205529
1661158084205753
1661007887554106
1661000347554860
1660662560921972
1660651984256363
1660646364256925
1660543360933892
1660543334267228
1660397804281781
1660394714282090
1660049854316576
1660043264317235
1660028990985329
1660023870985841
1659943637660531
1659933810994847
1659858847669010
1659801917674703
1659799161008312
1659453371042891
1659431361045092
1659380374383524
1659294147725480
1659291641059064
1659119974409564
1659117697743125
1658769081111320
1658768517778043
1658745427780352
1658701487784746
1658700794451482
1658599027794992
1658597707795124
1658179631170265
1658175181170710
1658175047837390
1658117217843173
1658116337843261
1657938077861087
1657936364527925
1657751994546362
1657600767894818
1657591497895745
1657528614568700
1657527987902096
1657406014580960
1657400387914856
1656987624622799
1656986457956249
1656958364625725
1656929897961905
1656886127966282
1656822431305985
1656804664641095
1656434331344795
1656433328011562
1656431334678428
1656425948012300
1656380154683546
1656377831350445
1656271264694435
1656266514694910
1655847031403525
1655815741406654
1655697028085192
1655694888085406
1655247924796769
1655203241467904
1655144271473801
1655093678145527
1654674084854153
1654673711520857
1654665838188311
1654629414858620
1654587754862786
1654585114863050
1654582394863322
1654579294863632
1654199844901577
1654195698235325
1654192504902311
1654123038242591
1654114214910140
1654111894910372
1654069464914615
1654021241586104
1653554068299488
1653552868299608
1653551861633042
1653505794970982
1653497958305099
1653496014971960
1653423431645885
1653031621685066
1653030135018548
1653025821685646
1653024138352481
1652977598357135
1652921031696125
1652917171696511
1652506755070886
1652439528410942
1652356741752554
1652354305086131
1651832568471638
1651769345144627
1651766718478223
1651346601853568
1651272528527642
1651270318527863
1651220521866176
1651219068532988
1650754755246086
1650711881917040
1650678638587031
1650643581923870
1650268811961347
1650267561961472
1650200125301549
1650198005301761
1650197131968515
1650137168641178
1650133998641495
1649749732013255
